Traffic Loading Report
----------------------

Traffic source: Traffic from traffic database                     

Circuit-switched blocking probability:   1.00%

Circuit-switched average call duration:   1.76 minutes

Percent of total traffic carried by group: 100.00 %

          Circuit Traffic  Circuit Traffic   Number of    Channel  Current Blocking Packet Traffic
Sector ID   (mErlangs)    Required Channels Channels Set Shortfall Probability (%)  (average mbps)
--------- --------------- ----------------- ------------ --------- ---------------- --------------
ABAA0001       500.86              4              8          -4          0.00          0.5009
ABAA0002       287.92              3              8          -5          0.00          0.2879
ABAB0001      4019.60             10             16          -6          0.00          4.0196
ABAC0001       596.94              4              8          -4          0.00          0.5969
ABAC0002      1691.78              6              8          -2          0.04          1.6918
ABAC0003       185.99              3              8          -5          0.00          0.1860
ABAD0001      1877.79              7              8          -1          0.08          1.8778
ABAD0002      2726.82              8              8           0          0.75          2.7268
ABAE0001      3827.64             10             16          -6          0.00          3.8276
ABAE0002      1496.80              6              8          -2          0.02          1.4968
ABAF0001       764.88              4              8          -4          0.00          0.7649
ABAF0002      2987.56              9             16          -7          0.00          2.9876
ABAF0003        35.99              2              8          -6          0.00          0.0360
ABAH0001      7463.46             16             16           0          0.48          7.4635
ABAH0002      7517.52             16             16           0          0.51          7.5175
ABAI0001      1937.74              7              8          -1          0.09          1.9377
ABAI0002      3854.50             10             16          -6          0.00          3.8545
ABAJ0001      1724.95              6              8          -2          0.04          1.7250
ABAJ0002      4811.77             12             16          -4          0.00          4.8118
ABAJ0003      3407.83              9             16          -7          0.00          3.4078
ABAK0001      1742.86              6              8          -2          0.05          1.7429
ABAK0002       749.80              4              8          -4          0.00          0.7498
ABAL0001      1580.81              6              8          -2          0.02          1.5808
ABAL0002      3062.57              9             16          -7          0.00          3.0626
ABAL0003      7673.41             16             16           0          0.62          7.6734
ABAM0001      2813.69              8              8           0          0.90          2.8137
ABAM0002       266.95              3              8          -5          0.00          0.2670
ABAN0001       500.93              4              8          -4          0.00          0.5009
ABAN0002       659.92              4              8          -4          0.00          0.6599
ABAO0001      2525.49              8              8           0          0.48          2.5255
ABAO0002      3944.43             10             16          -6          0.00          3.9444
ABAP0001      7010.67             15             16          -1          0.26          7.0107
ABAP0002      3215.44              9             16          -7          0.00          3.2154
ABAP0003      1862.82              7              8          -1          0.07          1.8628
ABAQ0001       452.94              4              8          -4          0.00          0.4529
ABAQ0002      6806.45             15             16          -1          0.20          6.8064
ABAQ0003       128.98              2              8          -6          0.00          0.1290
ABAR0001      2330.74              8              8           0          0.30          2.3307
ABAR0002      8087.57             16             16           0          0.99          8.0876
ABAT0001      1268.75              6              8          -2          0.01          1.2687
ABAT0002      2381.40              8              8           0          0.34          2.3814
ABAU0001      2051.75              7              8          -1          0.13          2.0517
ABAU0002      5018.52             12             16          -4          0.01          5.0185
ABAU0003      7157.56             15             16          -1          0.32          7.1576
ABAV0001     24873.73             38             40          -2          0.00         24.8737
ABAV0002     35002.28             51             56          -5          0.00         35.0023
ABAV0003     30592.38             45             48          -3          0.00         30.5924
ABBA0001      4280.55             11             16          -5          0.00          4.2806
ABBA0002      5534.52             13             16          -3          0.02          5.5345
ABBB0001     10265.00             20             24          -4          0.02         10.2650
ABBB0002     33708.02             49             56          -7          0.00         33.7080
ABBD0001     10034.15             19             24          -5          0.01         10.0342
ABBD0002      9707.19             19             24          -5          0.01          9.7072
