Traffic Loading Report
----------------------

Traffic source: Traffic from traffic database                     

Circuit-switched blocking probability:   1.00%

Circuit-switched average call duration:   1.76 minutes

Percent of total traffic carried by group: 100.00 %

          Circuit Traffic  Circuit Traffic   Number of    Channel  Current Blocking Packet Traffic
Sector ID   (mErlangs)    Required Channels Channels Set Shortfall Probability (%)  (average mbps)
--------- --------------- ----------------- ------------ --------- ---------------- --------------
ABAA0001       671.85              4              8          -4          0.00          0.6718
ABAB0001      3494.68             10             16          -6          0.00          3.4947
ABAD0001       926.77              5              8          -3          0.00          0.9268
ABAD0002      2360.83              8              8           0          0.32          2.3608
ABAE0001      3095.69              9             16          -7          0.00          3.0957
ABAE0002      1217.90              5              8          -3          0.00          1.2179
ABAF0001       335.97              3              8          -5          0.00          0.3360
ABAH0001      6698.52             14             16          -2          0.17          6.6985
ABAH0002      3968.69             10             16          -6          0.00          3.9687
ABAI0001      2435.76              8              8           0          0.39          2.4358
ABAI0002      4649.54             11             16          -5          0.00          4.6495
ABAK0001      2150.80              7              8          -1          0.18          2.1508
ABAK0002      1055.74              5              8          -3          0.00          1.0557
ABAL0001     18655.67             31             32          -1          0.33         18.6557
ABAM0001      3098.75              9             16          -7          0.00          3.0987
ABAM0002       704.97              4              8          -4          0.00          0.7050
ABAO0001      1430.64              6              8          -2          0.01          1.4306
ABAP0001      8987.69             18             24          -6          0.00          8.9877
ABAP0002      3674.50             10             16          -6          0.00          3.6745
ABAP0003      1484.82              6              8          -2          0.02          1.4848
ABAR0001       530.93              4              8          -4          0.00          0.5309
ABAY0001     23806.55             37             40          -3          0.00         23.8066
ABAY0002      5963.20             13             16          -3          0.05          5.9632
ABBA0001      4367.61             11             16          -5          0.00          4.3676
ABBA0002      6179.54             14             16          -2          0.07          6.1795
ABBB0002     37713.29             54             56          -2          0.00         37.7133
ABBD0001     11162.27             21             24          -3          0.06         11.1623
ABBD0002     11468.12             21             24          -3          0.09         11.4681
ABBE0001      6284.34             14             16          -2          0.09          6.2843
ABBI0001      2765.86              8              8           0          0.82          2.7659
ABBL0001       428.92              3              8          -5          0.00          0.4289
ABAC0001      6482.61             14             16          -2          0.12          6.4826
ABAC0002      6083.37             14             16          -2          0.06          6.0834
ABAG0003      7412.47             16             16           0          0.45          7.4125
ABAJ0001      4175.69             11             16          -5          0.00          4.1757
ABAJ0002     12800.27             23             24          -1          0.36         12.8003
ABAN0001      3875.78             10             16          -6          0.00          3.8758
ABAN0002     64626.21             85             88          -3          0.00         64.6262
ABAT0001      1370.79              6              8          -2          0.01          1.3708
ABAT0002      3293.44              9             16          -7          0.00          3.2934
