Traffic Loading Report
----------------------

Traffic source: Traffic from traffic database                     

Circuit-switched blocking probability:   1.00%

Circuit-switched average call duration:   1.76 minutes

Percent of total traffic carried by group: 100.00 %

          Circuit Traffic  Circuit Traffic   Number of    Channel  Current Blocking Packet Traffic
Sector ID   (mErlangs)    Required Channels Channels Set Shortfall Probability (%)  (average mbps)
--------- --------------- ----------------- ------------ --------- ---------------- --------------
ABAA0001       914.85              5              8          -3          0.00          0.9148
ABAB0001      3716.64             10             16          -6          0.00          3.7166
ABAC0001       596.95              4              8          -4          0.00          0.5969
ABAC0002      2144.72              7              8          -1          0.18          2.1447
ABAC0003       389.97              3              8          -5          0.00          0.3900
ABAD0001       926.77              5              8          -3          0.00          0.9268
ABAD0002      1784.83              7              8          -1          0.06          1.7848
ABAE0001      4673.59             11             16          -5          0.00          4.6736
ABAE0002      1697.83              6              8          -2          0.04          1.6978
ABAF0001       746.91              4              8          -4          0.00          0.7469
ABAF0002      2660.65              8              8           0          0.65          2.6606
ABAF0003       612.00              4              8          -4          0.00          0.6120
ABAH0001      6929.46             15             16          -1          0.23          6.9295
ABAH0002      7235.64             15             16          -1          0.35          7.2356
ABAI0001      2840.72              8              8           0          0.95          2.8407
ABAI0002      4550.58             11             16          -5          0.00          4.5506
ABAK0001      2120.80              7              8          -1          0.17          2.1208
ABAK0002       800.77              4              8          -4          0.00          0.8008
ABAL0001      3077.80              9             16          -7          0.00          3.0778
ABAL0002      2399.65              8              8           0          0.35          2.3996
ABAL0003      8162.57             17             24          -7          0.00          8.1626
ABAM0001      3287.72              9             16          -7          0.00          3.2877
ABAM0002       704.97              4              8          -4          0.00          0.7050
ABAN0001      1058.92              5              8          -3          0.00          1.0589
ABAN0002       560.90              4              8          -4          0.00          0.5609
ABAO0001      2579.58              8              8           0          0.54          2.5796
ABAO0002      3566.59             10             16          -6          0.00          3.5666
ABAP0001      9203.65             18             24          -6          0.00          9.2036
ABAP0002      3311.51              9             16          -7          0.00          3.3115
ABAP0003      1391.85              6              8          -2          0.01          1.3918
ABAQ0001       326.97              3              8          -5          0.00          0.3270
ABAQ0002      7511.47             16             16           0          0.51          7.5115
ABAQ0003       128.99              2              8          -6          0.00          0.1290
ABAR0001      1787.83              7              8          -1          0.06          1.7878
ABAR0002      7988.54             16             16           0          0.89          7.9885
ABAU0001      2105.77              7              8          -1          0.16          2.1058
ABAU0002      5513.58             13             16          -3          0.02          5.5136
ABAU0003      6740.64             15             16          -1          0.18          6.7406
ABAV0001     26143.40             40             40           0          0.00         26.1434
ABAV0002     34594.42             50             56          -6          0.00         34.5944
ABAV0003     29863.75             45             48          -3          0.00         29.8638
ABBA0001      4652.55             11             16          -5          0.00          4.6525
ABBA0002      6275.52             14             16          -2          0.09          6.2755
ABBB0001     10295.08             20             24          -4          0.02         10.2951
ABBB0002     34794.55             50             56          -6          0.00         34.7946
ABBD0001      9329.31             18             24          -6          0.00          9.3293
ABBD0002      9737.28             19             24          -5          0.01          9.7373
ABAJ0001      1724.94              6              8          -2          0.04          1.7249
ABAJ0002      4319.82             11             16          -5          0.00          4.3198
ABAT0001      1079.75              5              8          -3          0.00          1.0798
ABAT0002      2270.54              7              8          -1          0.25          2.2705
